43606
43984
43974
43875
43961
44002
43942
43689
44097
44049
43956
44212
44195
44231
44308
44213
44011
44483
44545
44300
44457
44569
44556
44772
44716
44808
44902
44863
44885
44776
45007
44795
45065
45040
45069
45124
44864
45197
45195
45053
45299
45250
45121
45303
45345
45374
45310
45461
45378
45454
45482
45262
45277
45522
45579
45646
45489
45675
45688
45655
45758
45760
45793
45645B
45867
45948
45648
45924
45798
45797
46050
46030
46046
45811
46141
46060
46137
46125
46176
46198
46254
46147
46342
46415
46384
46465
46466
46453
46168
46537
46554
46111
46253
46475
46696
46711
46770
46768
46841
46816
46740
46872
46945
46969
46671
46997
46996
46891
46754
46984
47057
47107
47122
47207
47188
47015
47248
47275
46715
47426
47410
47348
47247
47419
47482
47501
47528
47538
47548
47630
47633
47409
47671
47439
47672
47464
47707
47751
47749
47790
47800
47843
47893
47895
47871
47907
47929
47987
48027
44418
44234
44302
44334
44488
44622
44720
44739
44688
44725
44854
45054
45322
45342
45360
45452
45504
45528
45535
45565
45603
45612
45678
45939
46027
46568
46478
46763
46781
46843
46834
46908
46929
46970
46916
47074
47076
47108
47190
47293
47308
47420
47309
47406
47354
46968
47527
47506
47566
47533
47591
47577
47604
47650
47520
47726
47592
47673
47750
47833
47820
47822
47844
43878
43841
43930
43931
43923
43935
43928
43921
43903
43929
43945
43933
43947
43941
43936
43938
43934
43902
43530
43937
43876
43954
43886
43925
43948
43949
43939
43957
43964
43953
43951
43950
43959
43960
43963
43614
43952
43932
43970
43955
43958
43968
43967
43972
43971
43946
43982
43944
43980
43975
43976
43988
43943
43966
43978
43993
43977
43987
43992
43989
43996
43991
43998
43999
44006
44008
43973
44000
44014
43997
43990
44010
44007
44003
43994
44005
44013
44016
43969
43985
43981
44012
43995
44009
44026
43979
44030
43965
44028
43983
44022
44038
44015
44019
44023
44024
44017
44041
44042
44004
44040
44020
44032
44031
44035
43919
44036
44018
44033
44037
44045
44061
44052
44057
44048
44063
44050
44054
44056
44058
44047
44021
44043
44069
43871
44075
44074
44066
44029
44059
44067
44065
44060
44044
44086
44070
44079
44034
44055
44076
44083
44081
44071
44082
44025
44064
44073
44085
44098
44051
44089
44090
44095
44077
44111
44105
44106
44110
44103
44113
44107
44108
44104
44096
44093
43019
44109
44092
44080
44101
43521
44091
44126
44114
44120
44124
44001
44115
44123
44039
44131
44127
44094
44117
44118
44139
44130
44112
44099
44147
44145
44078
44119
44116
44140
44137
44135
44132
44046
44134
44146
44128
43986
44141
44143
44163
44170
44160
44068
44087
44133
44153
44162
44151
44161
44125
44062
44164
43848
44142
44159
44144
44102
44136
44179
44150
44100
44175
44121
44176
44138
44178
44152
44186
44199
44188
44193
44177
44197
44180
44166
44129
44149
44208
44191
44211
44206
44207
43854
44157
44196
44214
44205
44168
44088
44169
44198
44219
44155
44217
44216
44148
44181
44203
44185
44171
44200
44229
44182
44222
44228
44246
44215
44158
44165
44225
44226
44227
44187
44202
44184
44154
44237
44209
44167
44220
44189
44201
44239
44250
44253
44258
44224
44247
44243
44242
44053
44256
44257
44252
44233
44266
44259
44248
44232
44251
44241
44173
44218
44267
44264
44292
44272
44269
44271
44268
44192
44260
44281
44282
43573
44174
44223
44172
44235
44276
44249
44279
44274
44283
44273
44255
44278
44244
44221
44277
44262
44236
44261
44297
44294
44286
44309
44316
44293
44288
44315
42813
44301
44305
44298
44303
44230
44310
44312
44284
44313
44270
44287
44314
44238
44254
44275
44321
44317
44326
44324
44285
43800
44296
44339
44322
44336
44320
44295
44327
44333
44328
44323
44291
44307
44304
44337
44329
44346
44341
44345
44335
44347
44311
44355
44348
44325
44340
44344
44351
44331
44338
44319
44122
44353
44354
44332
44357
44360
44343
44358
44349
44364
44366
44367
44361
44362
44289
44365
44378
44376
44372
44369
44375
44383
44377
44356
44374
44385
44318
44386
44342
44384
44380
44396
44370
44391
44352
44394
44398
44379
44393
44359
44194
44405
44395
44368
44363
44389
44382
44404
44401
44330
44371
44407
44406
44412
44430
44428
44425
44400
44427
44280
44408
44409
44417
44413
44416
44426
44414
44433
44438
44439
44437
44441
44440
44431
44410
44403
44290
44455
44444
44434
44436
44424
44421
44450
44445
44462
44442
44422
44452
44446
44453
44402
44435
44469
44451
44479
44388
44478
44464
44468
44486
44432
44467
44475
44481
44465
44448
44460
44472
44459
44489
44491
44494
44399
44482
44495
44474
44420
44506
44306
44461
44499
44500
44454
44497
44498
44471
44477
44458
44502
44484
44505
44503
44490
44522
44492
44480
44392
44519
44470
44510
44524
44496
44473
44514
44517
44466
44504
44443
44509
44508
44530
44476
44538
44240
44487
44512
44533
44513
44528
44525
44521
44536
44515
44387
44531
44532
44550
44456
44543
44539
44540
44558
44559
44518
44516
44546
44547
44557
44553
44529
44552
44554
44560
44555
44549
44566
44535
44567
44563
44541
44534
44564
44551
44561
44520
44537
44583
44548
44568
44544
44582
44552
44577
44570
44527
44523
44585
44419
44600
44592
44575
44581
44587
44573
44619
44586
44595
44597
44526
44588
44591
44603
44576
44601
44590
44507
44571
44602
44598
44565
44584
44580
44604
44605
44609
44627
44613
44616
44617
44618
44624
44606
44614
44593
44608
44579
44589
44630
44702
44621
44611
44634
44633
44632
44542
44607
44640
44655
44637
44628
44596
44674
44652
44648
44638
44615
44647
44381
44651
44612
44676
44646
44643
44649
44645
44639
44663
44672
44629
44668
44650
44666
44623
44681
44695
44669
44686
44662
44689
44642
44511
44449
44644
44594
44620
44700
44679
44693
44694
44704
44687
44699
44703
44698
44692
44463
44675
44677
44656
44599
44724
44709
44707
44708
44710
44705
44697
44660
44661
44685
44734
44743
44718
44746
44678
44670
44733
44706
44726
44691
44740
44742
44738
44625
44754
44741
44757
44729
44756
44752
44713
44737
44753
44732
44727
44735
44751
44734
44762
44745
44747
44664
44658
44684
44682
44701
44767
44680
44755
44771
44763
44765
44711
44750
44635
44770
44736
44730
44760
44690
44777
44781
44768
44696
44779
44775
44790
44610
44786
44785
44783
44773
44715
44778
44805
44789
44804
44809
44807
44759
44758
44749
44810
44811
44769
44802
44820
44799
44825
44834
44764
44818
44822
44791
44794
44821
44798
44817
44801
44815
44843
44837
44836
44784
44826
44788
44728
44827
44824
44840
44832
44851
44841
44761
44848
44806
44814
44846
44813
44842
44812
44844
44800
44845
44803
44819
44855
44717
44835
44626
44493
44866
44673
44852
44849
44850
44797
44857
44858
44793
44875
44861
44860
44721
44865
44887
44856
44839
44796
44847
44876
44871
44889
44829
44879
44880
44886
44882
44877
44881
44867
44712
44873
44883
44899
44853
44894
44904
44838
44906
44909
44816
44888
44870
44874
44774
44924
44914
44903
44901
44912
44872
44895
44859
44893
44900
44896
44787
44920
44868
44833
44922
44890
44923
44926
44925
44892
44908
44447
44766
44654
44659
44878
44927
44831
44921
44936
44869
44891
44933
44946
44931
44917
44934
44911
44935
44916
44944
44945
44949
44950
44898
44941
44782
44948
44942
44915
44937
44823
44957
44932
44962
44943
44952
44966
44953
44830
44986
44965
44951
44955
44961
44918
44919
44940
44958
44959
44963
44884
44994
44983
44989
44984
44956
44980
44977
44930
44960
44982
44972
44975
44928
44996
45002
45004
45011
44969
44990
44991
45003
45000
44998
44939
44987
44938
45001
45008
44913
45010
44985
45006
44976
45021
45012
45018
45029
44978
45015
45020
45031
44947
45014
45013
44981
44967
45032
45037
45028
45034
45051
45022
44578
45019
44722
44995
45009
45027
45026
45033
45023
45048
45046
45043
44974
45047
45044
44971
45052
45057
44979
45025
45045
45050
44992
44973
44993
45017
44968
45066
45016
45063
45055
45056
45041
45039
45049
44156
45059
45071
45005
44910
45080
45085
45067
44970
45030
45070
45024
45061
45068
45074
45042
45076
45077
45083
45084
45101
45088
45099
45102
45106
45075
45082
45091
45087
45089
45098
45090
45100
45092
45060
45113
45073
45111
45122
45078
45096
45079
45108
45064
45116
45118
45119
45123
45109
45115
45103
45130
45093
45107
45152
45114
45094
44390
44964
45038
44828
45105
45112
45141
45144
45150
45143
45148
45128
45133
45135
45138
45155
45156
45166
45160
45157
45139
45058
45170
45145
45142
45165
45134
45126
45151
45125
45131
45129
45167
45161
45136
45176
45149
45120
45127
45168
45172
45146
45036
45182
45184
45164
45159
45153
45185
45200
45190
45132
45162
45180
45171
45097
45196
45187
45186
45158
45191
45198
45192
45216
45202
45205
45081
45194
45137
45208
45147
45227
45211
45175
45214
45178
45220
45223
45217
45219
45207
45229
45225
45213
45181
45233
44683
45224
45226
45221
45222
45169
45209
45110
45210
45252
45244
45246
45253
45230
45188
45239
45256
45258
45249
45257
45206
45251
45236
45215
45232
45259
45212
45218
45228
45273
45261
45234
45265
45240
45271
45086
45245
45276
45193
45267
45269
45289
45283
45284
45270
45279
45263
45287
45290
45295
45272
45204
45300
45307
45281
45231
45282
44954
44988
45268
45292
45298
45260
45247
45302
45254
45280
45237
45297
45301
45311
45316
45294
45274
45321
45319
45348
45353
45242
45266
45312
45291
45296
45337
45324
45235
45293
45309
45288
45326
45339
45329
45356
45357
45332
45362
45330
45335
45336
45304
45350
45317
45351
44929
45315
45328
45355
45354
45344
45320
45278
45327
45325
45346
45343
45334
45359
45382
45243
45349
45352
45314
45255
45371
45333
45367
45275
45383
45390
45364
45380
45381
45368
45385
45387
45370
45331
45338
45286
45388
45365
45405
45404
45389
45402
45386
45398
45400
45394
45396
45318
45347
45399
45369
45363
45401
45391
45392
45373
45361
45375
45395
45403
43554
45407
45306
45409
45408
45415
45406
45379
45423
45264
45285
45413
45414
45411
45313
45416
45418
45420
45421
45397
45424
45419
45412
45393
45430
45436
45437
45438
45410
45432
45431
45434
45377
45443
45442
45444
45376
45447
45453
45341
45448
45451
45456
45460
45433
45439
45445
45459
45469
45463
45458
45426
45470
45446
45358
45466
45449
45462
45465
45464
45428
45476
45473
45441
45468
45467
45490
45484
45471
45474
45457
45427
45477
45494
45487
45493
45497
45496
45491
45305
45480
45481
45450
45502
45503
45500
45505
45499
45521
45507
45514
45501
45425
45485
45511
45472
45498
45189
45519
45517
45518
45531
45516
45475
45495
45510
45529
45527
45506
45515
45520
45530
45492
45478
45540
45537
45532
45533
45479
45539
45526
45549
45508
45524
45512
45140
45483
45538
45554
45545
45509
45556
45551
45546
45557
45555
45488
45558
45568
45199
45566
45560
45541
45552
45571
45513
45486
45525
45548
45585
45575
45576
45570
45580
45573
45547
45578
45572
45596
45598
45599
45600
45586
45597
45588
45590
45591
45592
45553
45594
45593
45536
45577
45587
45611
45564
45615
45616
45595
45543
45618
45614
45581
45563
45607
45589
45638
45583
45621
45582
45617
45620
45635
45632
45631
45574
45569
45619
45622
45542
45657
45652
45440
45613
45625
45650
45660
45608
45609
45561
45523
44907
45610
45651
45624
45626
45654
45534
45634
45601
45661
45649
45623
45417
45671
45673
45642
45676
45663
45680
45627
45665
45606
45640
45670
45679
45683
45630
45672
45604
45641
45633
45636
45628
45713
45712
45669
45662
45605
45639
45674
45706
45694
45697
45693
45707
45703
45704
45701
45681
45710
45659
45715
45718
45696
45717
45653
45664
45698
45677
45695
45666
45658
45668
45647
45656
45720
45702
45723
45667
45721
45732
45699
45733
45629
45714
45700
45722
45691
45711
45726
45728
45736
45637
45708
45735
45734
45724
45737
45725
45644
45692
45730
45731
45727
45745
45709
45743
45742
45729
44263
45756
45752
45739
45751
45748
45759
45753
45746
45747
45755
45744
45738
45772
45766
45774
45763
45784
45785
45741
45690
45550
45780
45767
45768
45602
45788
45777
45764
45740
45685
45782
45801
45796
45803
45787
45794
45776
45789
45761
45802
45783
45567
45771
45824
45808
45804
45809
45807
45770
45805
45799
45800
45818
45830
45773
45779
45821
45815
45819
45813
45814
45786
45848
45812
45795
45847
45791
45834
45810
45775
45832
45828
45816
45842
45841
45829
45839
45781
45860
45850
45849
45806
45846
45852
45856
45826
45833
45851
45835
45861
45853
45869
45864
45825
45836
45845
45863
45880
45877
45870
45882
45876
45884
45866
45868
45831
45891
45889
45823
45873
45892
45871
45886
45898
45859
45883
45820
45750
45865
45875
45843
45844
45900
45890
45887
45894
45912
45913
45915
45916
45765
45914
45903
45879
45878
45872
45906
45937
45874
45918
45838
45907
45922
45920
45901
45921
45911
45929
45926
45930
45917
45888
45896
45951
45895
45941
45899
45790
45931
45933
45943
45932
45954
45897
45945
45938
45936
45923
45910
45961
45949
45909
45905
45962
45857
45947
45956
45957
45885
45958
45960
45925
45964
45940
45950
45942
45980
45946
45971
45976
45965
45970
45991
45977
45935
45983
45981
45969
45996
45992
45778
45968
45822
45955
45972
45705
45979
45858
45995
46016
46007
46012
45967
45908
46011
45985
45944
45978
45919
45855
46015
45984
46006
46010
46008
45988
45975
46002
45966
45999
46000
46001
45117
45154
45174
45177
45183
45201
46026
45982
45963
46040
46021
46013
45986
46005
46023
45973
45974
46017
46025
45998
46048
46044
46039
46033
46009
46024
46052
46014
45990
46032
46003
46020
46037
46041
45997
46053
46507
46056
46018
46031
46042
46051
46045
46061
46058
46055
46072
45902
45881
46062
46071
46028
46049
46068
46086
46094
46070
46084
46078
46077
46073
46080
46066
46038
46074
46069
46099
45994
46087
46043
46098
46076
46114
46101
46081
46093
46064
46102
46047
46097
46089
46106
46095
46104
46113
46096
46091
46022
46110
46083
46109
46105
46116
46127
46121
46079
46123
46142
46133
46090
46108
46124
46082
46134
46085
46131
46107
46140
46100
46129
46150
46136
46169
46164
46160
46153
46166
46149
46138
46139
46088
46158
46162
46163
46174
46059
46115
46152
46154
46170
46171
46132
46177
46122
46118
46130
46145
46143
46165
46167
46117
46187
46183
46156
46029
46135
46194
46155
46075
46199
46175
46189
46204
46128
46200
46112
46178
46203
46192
46205
46151
46004
46193
46148
46184
46144
46217
46202
46196
44183
46146
46190
46213
46180
46211
46212
46206
46179
46157
46181
46219
46230
46215
46227
46186
46119
46229
46214
46191
46228
46185
45952
46220
46231
46188
46225
46223
46221
46242
46246
46243
46250
46210
46241
46234
46232
46233
46182
46244
46237
46247
46248
46035
46235
46240
46251
46256
46258
46252
46224
46263
46236
46257
46249
46226
46255
46270
46245
46266
46259
46284
46238
46280
46285
46195
46267
46265
46286
46209
46261
46275
46268
46274
46279
46282
45904
46269
46278
46295
46294
46271
46036
46290
46276
46067
46293
45238
45248
46287
46292
46277
46264
46272
46273
46300
46305
46296
46288
46304
46297
46301
46302
46314
46307
46318
46315
46316
46320
46299
46309
46321
45689
46328
46327
46310
46317
46330
46322
46326
46281
46338
46291
46343
46324
46319
46345
46335
46283
46340
46329
46356
46303
46359
46350
46357
46308
46063
46366
46341
46306
46372
46365
46376
46364
46355
46375
46349
46369
46325
46363
46347
46362
46352
46348
46354
46395
46389
46378
46379
46374
46371
46337
46336
46383
46396
46332
46331
46382
46368
46381
46358
46380
46387
46400
46353
46412
46405
46361
46391
45384
46392
46377
46388
46346
46406
46360
46394
46398
46426
46333
46409
46413
46411
46404
46344
46418
46427
46422
46414
46429
46410
46428
46403
46420
46432
46441
46390
46421
46448
46397
46433
46431
46442
46339
46449
46435
46399
46436
46423
46424
46385
46452
46447
46443
46451
46439
46463
46460
46430
46425
46446
46373
46416
46334
46407
46468
46456
46471
46464
46393
46489
46474
46298
46472
46103
46454
46486
46467
46462
46438
46477
46457
45422
46459
46480
46479
46417
46458
46476
46434
46484
46491
46481
46493
46503
46499
46419
46496
46500
46444
46461
46494
46492
46497
46490
46495
46498
46450
46455
46518
46501
46437
46514
46506
46507
46510
46516
46485
46487
46508
46509
46517
46511
46512
46525
46504
46505
46526
46530
46473
46502
46520
46519
46513
46521
46538
46533
46534
46531
46488
46470
45827
46546
46528
46545
46527
46524
46544
46547
46522
46541
46542
46440
46557
46529
46562
46532
46549
46539
46552
46543
46561
46560
46567
46569
46445
46575
46553
46564
46563
46565
46581
46580
46571
46586
46579
46566
46576
46584
46585
46598
46556
46601
46548
46550
46535
46589
46588
46603
46573
46592
46583
46596
46595
46582
46594
46597
46608
46599
46570
46578
46604
46590
46612
46593
46600
46605
46613
46610
46572
46611
46614
46615
46620
46616
46618
46622
46606
46587
46574
46609
46630
46523
46647
46632
46626
46627
46621
46623
46640
46648
46624
46577
46644
46635
46646
46643
46636
46625
46637
46664
40372
46260
46656
46652
46651
46650
46602
46663
46555
46657
46660
46669
46645
46670
46680
46654
46682
46686
46629
46665
46666
46619
46653
46658
46678
46676
46638
46683
46649
46662
46641
46687
46677
46672
46685
46673
46689
46691
46639
46679
46667
46690
46704
46540
46558
46661
46693
46695
46628
46697
46681
46719
46702
46709
46706
46710
46700
46617
46699
46708
46698
46655
46712
46701
46675
46714
46725
46724
46721
46718
46730
46727
46728
46716
46736
46732
46733
46744
46735
46743
46737
46755
46751
46756
46692
46742
46759
46750
46753
46705
46760
46741
46745
46720
46746
46734
46747
46749
46769
46717
46731
46771
46761
46726
46767
46765
46772
46713
46722
46688
46694
46668
46799
46766
46785
46782
46775
46784
46789
45749
46776
46777
46790
46804
46803
46802
46778
46774
46748
46791
46795
46764
46797
46801
45769
46783
46792
46793
46798
46757
46786
46794
46805
46659
46826
46788
46787
46723
46818
46813
46823
46824
46815
46773
46825
46814
46828
46827
46829
46844
46809
46830
46832
46833
46810
46835
46822
46758
46857
46806
46807
46684
46839
46853
46850
46849
45840
46837
46856
46811
46819
46876
46883
46864
46762
46847
46869
46846
46878
46642
46871
46870
46855
46859
46877
46861
46852
45854
46848
46863
46867
46854
46796
46900
46831
46880
46899
46888
46838
46887
46865
46866
46817
46820
46874
46881
46895
46821
46889
46868
46885
46886
46893
46840
46858
46905
46808
46911
46890
46902
46920
46917
46918
46896
46906
46901
46851
46845
46903
46898
46913
46915
46907
46924
46922
46919
46909
46921
46933
46836
46882
46879
46938
46936
46928
46940
46935
46904
46931
46934
46892
46914
46780
46937
46949
46943
46941
46930
46927
46950
46873
46959
46944
46884
46953
46951
46967
46946
46939
46897
46954
46932
45928
46947
46948
46952
46958
46963
46956
46983
46965
46923
46991
46985
46955
46957
45934
45953
46960
46998
46926
46986
46990
46972
46977
46994
46979
46981
46999
46987
46989
46978
46894
46973
47004
46982
46966
47005
47006
47002
46964
47020
47021
47019
47003
46912
46980
46962
45987
45989
47017
46992
47013
47010
46942
47001
47035
47029
47022
47023
47040
47025
47027
47031
47036
47007
46875
46975
47041
47046
47042
47011
47054
47033
47032
46995
47012
46019
47059
47058
46993
47061
47026
47045
46842
47051
47047
47064
47075
47077
47043
47084
47055
47086
47067
47062
47053
47087
47050
47073
46974
47094
47080
47089
47085
47000
47081
46910
47044
47016
47072
47063
47083
47104
47071
47034
47052
47069
47092
47096
47095
47099
47082
47060
47091
47105
47090
47109
47070
47014
47088
46065
47121
47028
47111
46729
47118
47079
47078
47125
47117
47120
47124
47132
46092
47038
47039
47048
47066
47097
47098
47141
47123
47142
47110
47154
47126
47127
47106
47129
47037
47130
47102
47137
47139
47153
47113
47176
47155
47103
47146
47101
47147
47100
47135
47143
47159
47151
47180
47158
47167
47164
47144
47162
47163
47173
47187
47183
47093
47161
47169
47175
47177
47140
47191
47171
47156
47112
47174
47193
47168
47196
47195
47192
47128
47178
47186
47165
47131
47198
47206
47170
47197
47205
47145
47166
47202
47209
47018
47152
47208
46172
46173
47199
47217
47114
47216
47213
47172
47212
47219
47009
47201
47223
47214
47225
47200
47211
47236
47218
47185
47148
47210
47215
47231
47232
47138
47182
47249
47228
47230
47229
47149
47255
47150
47184
47256
47245
47260
47221
47226
47242
46925
47240
47250
47238
47030
47239
47243
47222
47257
47263
47252
47194
47259
47265
47258
47264
47262
47271
47268
47269
47261
47286
47279
47292
47254
47276
47224
47283
47277
47285
47237
47241
47272
47281
47227
47291
47282
47270
47304
47288
47289
47244
47160
47266
47297
47290
47274
47157
47287
47302
47324
47307
47327
47253
47328
47306
47323
47267
47301
47299
47300
47233
47333
47305
47280
47344
47296
47342
47326
47325
47316
47294
47314
47311
47315
47332
47303
47251
47338
47334
47335
47181
47339
47337
47322
47343
47350
47330
47312
47298
47346
47349
47359
47320
47362
47361
47351
47364
47363
47366
47352
47345
47347
47369
47336
47377
47379
47367
47384
47119
47357
47378
47383
47310
47375
47382
47373
47371
47391
47389
47393
47065
47388
47355
47374
47397
47385
47317
47394
47390
47395
47386
47331
47387
47398
47392
46312
46313
47400
47396
47408
47403
47401
47404
47402
47376
47365
47358
47407
47412
47418
47380
47430
47399
47428
47417
47372
47425
47429
47422
47432
47421
47440
47437
47313
47441
47433
47443
47416
47414
47438
47434
47436
47458
47447
47461
47445
47448
47460
47459
47449
47442
47452
47341
47427
47381
47435
47321
47423
47453
47463
47450
47469
47470
47473
46401
46402
47468
47471
47467
47413
47479
47489
47444
47492
47494
47284
47486
47484
47465
47273
47360
47475
47455
47498
47511
47493
47497
47495
47472
47456
47424
47487
47519
47502
47457
47503
47480
47504
47516
47474
47500
47509
47505
47518
47478
47483
47485
47524
47521
47481
47530
47526
47517
47531
47462
47534
47488
47431
47522
47499
47508
47512
47515
47544
47510
47513
47541
47537
47496
47539
47514
47370
47507
47552
47540
47553
47546
47535
47554
47525
47536
47543
47545
46482
46483
47572
47564
47491
47557
47567
47563
47454
47532
47542
47559
47551
47570
47558
47573
47581
47578
47579
47569
47556
47560
47576
47589
47593
47586
47580
47584
47587
47601
47609
47597
47607
47596
47605
47585
47595
47549
47599
47598
47547
47613
47565
47606
47571
47610
47608
47550
47594
47603
47602
47615
47616
47582
47588
46551
47529
47625
47618
47575
47611
47617
47628
47624
46559
47627
47637
47642
47623
47619
47600
47622
47555
47620
47645
47621
47649
47632
47626
47651
47635
47648
47636
47638
47646
47634
47644
47656
47653
47660
47662
47639
47663
47612
47669
47667
47590
47657
47661
47658
47668
47674
47654
47666
47676
47675
47574
47680
47691
47568
47678
47685
47695
47686
47683
47697
47690
47677
47629
47688
47682
47699
47652
47700
47643
47692
47689
47693
47694
47687
47722
47708
47702
47725
47710
47717
47664
47665
47704
46633
46634
47706
47684
47721
47696
47705
47718
47723
47715
47727
47709
47741
47659
47729
47647
47728
47735
47703
47734
47740
47742
47737
47712
47739
A47096
47732
47744
47720
47743
47757
47758
47733
47730
47756
47753
47745
47716
47768
47746
47655
47724
47763
47698
47747
47754
47776
47771
47681
47748
47767
47775
47761
47769
47760
47295
47781
47670
47787
47784
47764
47783
47772
47782
47736
46707
47759
47795
47701
47008
47809
47779
47796
47802
47799
47777
47785
47794
47798
47791
47755
47766
47773
47813
47811
47815
47804
47807
46752
47805
47814
47816
47826
47823
47821
47825
47810
47752
47789
47808
47774
47679
47817
47812
47819
47780
47829
47842
47827
47846
47831
47801
47830
47803
47837
47797
47835
47863
47731
47850
47851
47778
47786
47834
47824
47853
47865
47860
47874
47858
47862
47841
47738
47852
47839
47868
47859
47880
47869
47861
47872
47836
47879
47887
47847
47878
47899
47806
47873
47882
47894
47891
47857
47875
47876
47877
47856
47818
47849
47910
47890
47908
47900
47892
47905
47855
47867
47903
47906
47884
47854
47840
47912
47848
47901
47921
47919
47915
47923
47913
47926
47864
47889
47922
47927
47918
47914
47883
47933
47931
47934
47928
47924
47932
47832
47953
47942
47946
47940
47896
47938
47904
47944
47949
47916
47948
47920
47902
47957
47954
47956
47947
47952
47941
47961
47936
47917
47838
47960
47945
47968
47888
47939
47966
47963
47937
47971
47965
47969
47950
47964
47935
47943
47962
47909
47983
47897
47985
47980
47982
47974
47911
47984
47898
47992
47994
47990
47989
47996
47995
47979
48003
48002
47976
48008
47870
47997
47981
47973
47977
48010
46961
46976
47955
48001
48000
47998
47975
48018
47988
48005
48009
48020
47986
48014
48025
48011
47993
47991
48013
48024
48016
48023
48015
48012
48019
47886
48033
48032
48034
48031
48038
48007
48030
48037
48036
48035
48026
48044
48043
48039
48046
48055
48050
48047
48054
48041
48042
48017
47967
48049
48021
48022
48048
48060
48045
48061
48065
48063
48076
48070
48066
48073
48069
48053
47049
47056
20169
20170
20171
20172
20173
20174
20175
20176
20177
20178
20179
20180
20181
20182
20183
20184
20185
20186
20187
20188
20189
20190
20191
20192
20193
20194
20195
20196
20197
20198
20199
20200
20201
20202
20203
20204
20205
20206
20207
20208
20209
20210
20211
20212
20213
20214
20215
20216
20217
20218
20219
20220
20221
20222
20223
20224
20225
20226
20227
20228
20229
20230
20231
20232
20233
20234
20235
20236
20237
20238
20239
20240
20241
20242
20243
20244
20245
20246
20247
20248
20249
20250
20251
20252
20253
20254
20255
20256
20257
20258
20259
20260
20261
20262
20263
20264
20265
20266
20267
20268
20269
20270
20271
20272
20273
20274
20275
20276
20277
20278
20279
20280
20281
20282
20283
20284
20285
20286
20287
20288
20289
20290
20291
20292
20293
20294
20295
20296
20297
20298
20299
20300
20301
20302
20303
20304
20305
20306
20307
20308
20309
20310
20311
20312
20313
20315
20316
20317
20314
20318
20319
20320
20321
20322
20323
20324
20325
20326
20327
20328
20329
20330
20331
20332
20333
20334
20335
20336
20337
20338
20339
20340
20341
20342
20343
20344
20345
20346
20347
20348
20349
20350
20351
20352
20353
20354
20355
20356
20357
20358
20359
20360
20361
20362
20363
20364
20365
20366
20367
20368
20369
20370
20371
20372
20373
20374
20375
20376
20377
20378
20379
20380
20381
20382
20383
20384
20385
20386
20387
20388
20389
20390
20391
20392
20393
20394
20395
20396
20397
20398
20399
20400
20401
20402
20403
20404
20405
20406
20407
20408
20409
20410
20411
20412
20413
20414
20415
20416
20417
20418
20419
20420
20421
20422
20423
20424
20425
20426
20427
20428
20429
20430
20431
20432
20433
20434
20435
20436
20437
20438
20439
20441
20440
20442
20443
WP44397
WP44905
WP46988
WP47189
WP48544
WP52296
WP52784
WP53230
WP53485
WP53575
WP53614
WP53721
WP54075
WP54333
WP55309
WP55751
WP56254
WP56367
47719
47970
47978
48006
48058
48119
48133
48148
48163
48172
48180
48185
48192
48218
48221
48268
48279
48292
48302
48328
48370
48387
48401
48426
48437
48446
48465
48470
48486
48501
48507
48523
48538
48550
48580
48591
48593
48604
48614
48617
48622
48637
48641
48642
48656
48668
48687
48696
48721
48737
48754
48765
48773
48775
48784
48800
48807
48814
48816
48823
48834
48842
48859
48872
48887
48893
48901
48949
48951
48973
48987
48998
49047
49076
49085
49102
49106
49147
49158
49164
49193
49242
49258
49270
49281
49289
49298
49312
49336
49338
49375
49390
49413
49421
49445
49450
49468
49481
49501
49520
49541
49559
49560
49580
49581
49584
49623
49644
49648
49652
49667
49697
49701
49702
49733
49762
49777
49793
49794
49841
49842
49843
49853
49854
49864
49903
49918
49922
49928
49931
49945
49947
50003
50007
50021
50031
50033
50043
50047
50049
50080
50088
50103
50126
50133
50135
50166
50168
50172
50183
50207
50209
50223
50225
50235
50238
50265
50272
50285
50293
50301
50302
50305
50312
50315
50339
50354
50365
50387
50390
50391
50392
50414
50418
50426
50437
50449
50454
50469
50487
50489
50506
50528
50530
50531
50557
50589
50594
50613
50621
50632
50646
50654
50655
50689
50705
50713
50734
50767
50774
50782
50792
50803
50803
50816
50849
50851
50866
50885
50886
50894
50902
50930
50940
50956
50957
50978
50987
51001
51006
51010
51033
51038
51043
51046
51047
51049
51050
51055
51084
51090
51094
51100
51105
51107
51124
51138
51142
51148
51149
51164
51180
51181
51184
51191
51196
51201
51211
51217
51218
51219
51220
51222
51223
51224
51228
51230
51232
51234
51235
51236
51238
51240
51242
51243
51244
51245
51247
51248
51250
51251
51252
51253
51254
51255
51256
51257
51260
51261
51262
51263
51264
51265
51266
51267
51268
51269
51270
51271
51272
51273
51274
51275
51276
51277
51278
51281
51282
51284
51285
51286
51287
51288
51290
51291
51292
51293
51294
51295
51296
51297
51298
51299
51300
51301
51302
51303
51304
51305
51306
51307
51308
51309
51310
51311
51312
51313
51314
51315
51316
51317
51319
51320
51321
51323
51324
51325
51326
51327
51328
51329
51330
51331
51332
51333
51334
51335
51336
51337
51338
51339
51341
51342
51343
51344
51345
51346
51347
51348
51349
51350
51351
51352
51353
51355
51356
51357
51358
51359
51360
51361
51362
51363
51364
51366
51367
51368
51369
51370
51371
51372
51373
51374
51376
51377
51378
51379
51380
51381
51382
51383
51384
51386
51387
51388
51389
51390
51391
51392
51393
51394
51395
51396
51397
51398
51399
51401
51403
51404
51406
51407
51408
51409
51410
51411
51412
51413
51414
51415
51416
51417
51418
51420
51421
51422
51423
51424
51425
51426
51427
51428
51429
51430
51431
51433
51434
51435
51436
51437
51439
51441
51442
51443
51444
51445
51446
51447
51448
51449
51450
51453
51454
51455
51456
51457
51458
51459
51460
51461
51463
51464
51465
51466
51467
51468
51469
51470
51471
51472
51473
51474
51475
51477
51478
51479
51480
51481
51482
51483
51484
51485
51486
51487
51488
51489
51490
51491
51493
51494
51495
51496
51497
51498
51499
51500
51501
51502
51503
51504
51505
51506
51507
51508
51509
51510
51511
51512
51513
51514
51515
51517
51518
51520
51521
51522
51523
51524
51525
51526
51527
51528
51529
51530
51531
51532
51535
51536
51537
51538
51539
51540
51542
51543
51544
51545
51546
51547
51548
51551
51552
51555
51558
51559
51561
51562
51565
51566
51568
51569
51570
51571
51573
51575
51578
51579
51580
51585
51589
51590
51591
51593
51594
51595
51596
51598
51602
51605
51611
51613
51614
51616
51628
51646
51651
51669
51721
51732
51736
51762
51767
51797
51814
51816
51826
51850
51859
51891
51908
51914
51921
51931
51972
52011
52041
52044
52054
52059
52068
52069
52071
52094
52107
52125
52150
52158
52159
52169
52202
52229
52251
52268
52285
52293
52334
52354
52359
52366
52370
52372
52379
52380
52418
52433
52434
52436
52438
52439
52441
52464
52498
52515
52517
52524
52532
52546
52553
52554
52586
52592
52601
52616
52617
52620
52623
52668
52672
52679
52680
52689
52695
52705
52707
52722
52724
52735
52749
52768
52785
52804
52812
52822
52828
52832
52834
52851
52852
52872
52880
52884
52885
52886
52889
52892
52899
52905
52915
52929
52940
52944
52946
52951
52953
52962
52979
52998
53010
53025
53026
53041
53042
53050
53052
53064
53067
53079
53080
53082
53083
53084
53088
53095
53109
53110
53112
53122
53124
53133
53135
53140
53144
53155
53156
53158
53170
53174
53200
53213
53216
53217
53221
53224
53227
53233
53247
53254
53263
53264
53270
53271
53279
53280
53283
53289
53293
53304
53311
53318
53323
53328
53334
53335
53346
53363
53367
53374
53375
53388
53390
53400
53415
53429
53434
53437
53442
53462
53463
53467
53468
53473
53475
53477
53492
53502
53504
53511
53518
53519
53524
53554
53564
53574
53577
53582
53588
53591
53595
53596
53597
53607
53611
53612
53616
53617
53618
53639
53645
53653
53677
53679
53680
53682
53684
53685
53686
53700
53702
53709
53714
53720
53734
53758
53774
53783
53784
53788
53798
53804
53830
53831
53857
53859
53867
53871
53878
53884
53909
53920
53938
53948
53961
53962
53963
53971
53992
53999
54010
54034
54045
54065
54069
54073
54077
54089
54103
54105
54106
54109
54110
54127
54143
54180
54199
54200
54202
54218
54220
54221
54249
54265
54272
54274
54291
54309
54310
54311
54314
54334
54346
54365
54370
54374
54389
54402
54407
54439
54442
54463
54464
54474
54491
54507
54512
54544
54559
54568
54569
54570
54571
54576
54584
54596
54622
54630
54640
54641
54642
54645
54663
54673
54674
54676
54694
54722
54724
54727
54728
54730
54744
54757
54768
54769
54782
54794
54799
54808
54813
54839
54841
54845
54852
54859
54869
54890
54895
54902
54903
54916
54919
54927
54942
54944
54951
54954
54956
54969
54970
54974
54989
55010
55011
55014
55045
55051
55052
55055
55076
55086
55105
55118
55132
55154
55164
55166
55180
55181
55184
55195
55216
55237
55241
55258
55259
55273
55281
55291
55303
55319
55322
55323
55327
55331
55368
55376
55404
55417
55418
55430
55433
55441
55473
55490
55493
55501
55533
55534
55551
55554
55559
55595
55623
55649
55660
55663
55664
55676
55682
55684
55685
55696
55736
55741
55743
55758
55760
55774
55788
55792
55801
55830
55834
55835
55837
55842
55850
55851
55852
55855
55880
55881
55897
55901
55907
55933
55946
55947
55971
55974
56001
56009
56024
56040
56061
56067
56077
56100
56101
56102
56103
56113
56115
56120
56136
56145
56159
56160
56166
56169
56173
56184
56204
56222
56229
56235
56239
56244
56246
56261
56277
56287
56289
56298
56301
56315
56329
56333
56334
56343
56359
56368
56371
56379
56381
56383
56384
56385
56395
56402
56403
56408
56409
56410
56413
56419
56420
56424
56437
56383
56359
56381
56410
56395
56413
56424
56419
56402
56420
56403
56384
56379
56343
56113
56136
56159
56166
56184
56229
56246
56261
56298
56301
56315
56329
56334
56371
56385
56408
56409
WP56367
