47719
47970
47978
48006
48058
48119
48133
48148
48163
48172
48180
48185
48218
48221
48268
48279
48292
48302
48328
48370
48387
48401
48426
48437
48446
48465
48470
48486
48501
48507
48523
48538
48550
48580
48591
48593
48604
48614
48617
48622
48637
48641
48642
48656
48668
48687
48696
48721
48737
48754
48765
48773
48775
48784
48800
48807
48814
48816
48834
48842
48859
48872
48893
48901
48949
48951
48973
48987
48998
49047
49076
49085
49102
49106
49147
49158
49164
49193
49242
49258
49270
49281
49298
49312
49336
49338
49375
49390
49413
49421
49445
49450
49468
49481
49501
49520
49541
49559
49560
49580
49581
49584
49623
49644
49648
49652
49667
49697
49701
49702
49733
49762
49777
49793
49794
49841
49842
49843
49853
49854
49864
49903
49918
49922
49931
49945
49947
50003
50007
50021
50031
50033
50043
50047
50049
50088
50103
50126
50133
50135
50166
50168
50172
50183
50207
50209
50223
50225
50235
50238
50265
50272
50285
50293
50301
50302
50305
50312
50315
50339
50354
50365
50387
50390
50391
50392
50414
50418
50426
50437
50449
50454
50469
50487
50489
50506
50528
50530
50531
50557
50589
50594
50613
50621
50632
50646
50654
50655
50689
50705
50713
50734
50767
50774
50782
50792
50803
50803
50816
50849
50851
50866
50885
50886
50894
50902
50930
50940
50956
50957
50978
50987
51001
51006
51010
51033
51038
51043
51046
51047
51049
51050
51055
51084
51090
51094
51100
51105
51107
51124
51138
51142
51148
51149
51164
51180
51181
51184
51191
51196
51201
51211
51217
51218
51219
51220
51222
51223
51224
51228
51230
51232
51234
51235
51236
51238
51240
51242
51243
51244
51245
51247
51248
51250
51251
51252
51253
51254
51255
51256
51257
51260
51261
51262
51263
51264
51265
51266
51267
51268
51269
51270
51271
51272
51273
51274
51275
51276
51277
51278
51281
51282
51284
51285
51286
51287
51288
51290
51291
51292
51293
51294
51295
51296
51297
51298
51299
51300
51301
51302
51303
51304
51305
51306
51307
51308
51309
51310
51311
51312
51313
51314
51315
51316
51317
51319
51320
51321
51323
51324
51325
51326
51327
51328
51329
51330
51331
51332
51333
51334
51335
51336
51337
51338
51339
51341
51342
51343
51344
51345
51346
51347
51348
51349
51350
51351
51352
51353
51355
51356
51357
51358
51359
51360
51361
51362
51363
51364
51366
51367
51368
51369
51370
51371
51372
51373
51374
51376
51377
51378
51379
51380
51381
51382
51383
51384
51386
51387
51388
51389
51390
51391
51392
51393
51394
51395
51396
51397
51398
51399
51401
51403
51404
51406
51407
51408
51409
51410
51411
51412
51413
51414
51415
51416
51417
51418
51420
51421
51422
51423
51424
51425
51426
51427
51428
51429
51430
51431
51433
51434
51435
51436
51437
51439
51441
51442
51443
51444
51445
51446
51447
51448
51449
51450
51453
51454
51455
51456
51457
51458
51459
51460
51461
51463
51464
51465
51466
51467
51468
51469
51470
51471
51472
51473
51474
51475
51477
51478
51479
51480
51481
51482
51483
51484
51485
51486
51487
51488
51489
51490
51491
51493
51494
51495
51496
51497
51498
51499
51500
51501
51502
51503
51504
51505
51506
51507
51508
51509
51510
51511
51512
51513
51514
51515
51517
51518
51520
51521
51522
51523
51524
51525
51526
51527
51528
51529
51530
51531
51532
51535
51536
51537
51538
51539
51540
51542
51543
51544
51545
51546
51547
51548
51551
51552
51555
51558
51559
51561
51562
51565
51566
51568
51569
51570
51571
51573
51575
51578
51579
51580
51585
51589
51590
51591
51593
51594
51595
51596
51598
51602
51605
51611
51613
51614
51616
51628
51646
51651
51669
51721
51732
51736
51762
51767
51797
51814
51816
51826
51850
51859
51891
51908
51914
51921
51931
51972
52011
52041
52044
52054
52059
52068
52069
52071
52094
52107
52125
52150
52158
52159
52169
52202
52229
52251
52268
52285
52293
52334
52354
52359
52366
52370
52372
52379
52380
52418
52433
52434
52436
52438
52439
52441
52464
52498
52515
52517
52524
52532
52546
52553
52554
52586
52592
52601
52616
52617
52620
52623
52668
52672
52679
52680
52689
52695
52705
52707
52722
52724
52735
52749
52768
52785
52804
52812
52822
52828
52832
52834
52851
52852
52872
52880
52884
52885
52886
52889
52892
52899
52905
52915
52929
52940
52944
52946
52953
52962
52979
52998
53010
53025
53026
53041
53042
53050
53052
53064
53067
53079
53080
53082
53083
53084
53088
53095
53109
53110
53112
53122
53124
53133
53135
53140
53144
53155
53156
53158
53170
53174
53200
53213
53216
53217
53221
53224
53227
53233
53247
53254
53263
53264
53270
53271
53279
53280
53283
53289
53293
53304
53311
53318
53323
53328
53334
53335
53346
53363
53367
53374
53375
53388
53390
53400
53415
53429
53434
53437
53442
53462
53463
53467
53468
53473
53475
53477
53492
53502
53504
53511
53518
53519
53524
53554
53564
53574
53577
53582
53588
53591
53595
53596
53597
53607
53611
53612
53616
53617
53618
53639
53645
53653
53677
53679
53682
53684
53685
53686
53700
53702
53709
53714
53720
53734
53758
53774
53783
53784
53788
53798
53804
53830
53831
53857
53859
53867
53871
53878
53884
53909
53920
53938
53948
53961
53962
53963
53971
53992
53999
54010
54034
54045
54065
54069
54073
54077
54089
54103
54105
54106
54109
54110
54127
54143
54180
54199
54200
54202
54218
54220
54221
54249
54265
54272
54274
54291
54309
54310
54311
54314
54334
54346
54365
54370
54374
54389
54402
54407
54439
54442
54463
54464
54474
54491
54507
54512
54544
54559
54568
54569
54570
54571
54576
54584
54596
54622
54630
54640
54641
54642
54645
54663
54673
54674
54676
54694
54722
54724
54727
54728
54730
54744
54757
54768
54769
54782
54794
54799
54808
54813
54839
54841
54845
54852
54859
54869
54890
54895
54902
54903
54916
54919
54927
54942
54944
54951
54954
54956
54969
54970
54974
54989
55010
55011
55014
55045
55051
55052
55055
55076
55086
55105
55118
55132
55154
55164
55166
55180
55181
55184
55195
55216
55237
55241
55258
55259
55273
55281
55291
55303
55319
55322
55323
55327
55331
55368
55376
55404
55417
55418
55430
55433
55441
55473
55490
55493
55501
55533
55534
55551
55554
55559
55595
55623
55649
55660
55663
55664
55676
55682
55684
55685
55696
55736
55741
55743
55758
55760
55774
55788
55792
55801
55830
55834
55835
55837
55842
55850
55851
55852
55855
55880
55881
55897
55901
55907
55933
55946
55947
55971
55974
56001
56009
56024
56040
56061
56067
56077
56100
56101
56102
56103
56113
56115
56120
56136
56145
56159
56160
56166
56169
56173
56184
56204
56222
56229
56235
56239
56244
56246
56261
56277
56287
56289
56298
56301
56315
56329
56333
56334
56343
56359
56368
56371
56379
56381
56383
56384
56385
56395
56402
56403
56408
56409
56410
56413
56419
56420
56424
56437
