47719
47970
47978
48006
48058
48185
48192
48279
48437
48591
48604
48622
48641
48642
48773
48800
48816
48823
48834
48887
48901
49106
49270
49289
49336
49338
49445
49541
49580
49581
49652
49762
49777
49842
49843
49864
49922
49928
49945
50007
50031
50043
50049
50080
50103
50133
50166
50168
50183
50209
50223
50225
50235
50238
50293
50301
50302
50315
50390
50391
50414
50454
50487
50489
50528
50531
50589
50646
50655
50774
50782
50792
50803
50885
50902
50940
50957
50987
51001
51006
51033
51043
51047
51049
51050
51055
51090
51094
51100
51107
51142
51148
51149
51164
51180
51181
51196
51201
51211
51218
51219
51220
51222
51223
51224
51228
51230
51232
51235
51236
51238
51240
51242
51243
51244
51245
51247
51248
51250
51251
51252
51253
51254
51255
51256
51257
51260
51261
51262
51263
51264
51265
51266
51267
51269
51270
51271
51272
51273
51274
51275
51276
51277
51278
51281
51282
51284
51285
51286
51287
51288
51290
51291
51292
51293
51294
51295
51296
51297
51298
51299
51300
51302
51303
51304
51305
51306
51307
51308
51309
51310
51311
51312
51313
51314
51315
51317
51319
51320
51321
51323
51324
51325
51326
51327
51328
51329
51330
51331
51332
51333
51334
51335
51336
51337
51338
51339
51341
51342
51343
51344
51345
51346
51347
51348
51349
51350
51351
51352
51353
51355
51356
51357
51358
51359
51362
51363
51364
51366
51367
51368
51369
51370
51371
51372
51373
51374
51376
51377
51379
51380
51381
51382
51383
51384
51386
51387
51388
51389
51390
51391
51392
51393
51395
51396
51397
51398
51399
51401
51403
51404
51406
51407
51408
51409
51411
51412
51413
51414
51415
51416
51417
51418
51420
51421
51422
51423
51424
51425
51426
51427
51428
51429
51430
51431
51433
51434
51435
51436
51437
51439
51441
51442
51443
51445
51446
51447
51448
51449
51450
51453
51454
51455
51456
51457
51458
51459
51460
51461
51463
51464
51465
51466
51467
51468
51469
51471
51472
51473
51474
51475
51477
51478
51479
51480
51481
51482
51483
51484
51485
51486
51487
51488
51489
51491
51493
51494
51495
51496
51497
51498
51499
51500
51501
51502
51503
51504
51505
51506
51507
51508
51509
51510
51511
51512
51513
51514
51515
51517
51518
51520
51521
51522
51523
51524
51527
51528
51529
51530
51531
51532
51535
51536
51537
51538
51539
51540
51542
51543
51544
51545
51547
51548
51551
51552
51555
51559
51561
51562
51565
51566
51568
51569
51570
51571
51573
51578
51579
51580
51585
51589
51590
51591
51593
51594
51595
51596
51598
51602
51605
51611
51613
51616
51646
51736
51767
51816
51859
51914
51931
52059
52069
52071
52107
52158
52159
52202
52285
52359
52366
52372
52379
52436
52438
52439
52441
52517
52524
52546
52554
52592
52601
52616
52617
52620
52623
52680
52705
52707
52722
52735
52749
52804
52812
52822
52832
52851
52852
52880
52884
52885
52886
52889
52899
52915
52929
52944
52946
52951
52962
53010
53041
53042
53052
53064
53079
53080
53083
53084
53088
53095
53109
53110
53112
53133
53135
53140
53144
53155
53158
53174
53213
53217
53221
53224
53227
53254
53263
53264
53279
53280
53289
53293
53328
53334
53335
53346
53367
53374
53375
53388
53390
53429
53437
53442
53467
53473
53475
53477
53492
53504
53518
53519
53524
53564
53574
53582
53588
53591
53596
53597
53607
53611
53617
53618
53639
53677
53679
53680
53684
53685
53686
53700
53709
53720
53734
53783
53788
53798
53857
53871
53878
53909
53948
53961
53963
53999
54010
54034
54065
54069
54073
54077
54103
54105
54109
54110
54199
54200
54220
54221
54249
54272
54274
54309
54311
54314
54365
54374
54407
54439
54463
54464
54512
54568
54569
54570
54571
54576
54640
54641
54642
54673
54676
54694
54727
54728
54730
54757
54769
54782
54794
54841
54845
54859
54869
54902
54903
54919
54942
54944
54951
54954
54969
54970
55010
55011
55051
55052
55105
55132
55164
55180
55181
55184
55216
55237
55273
55281
55319
55331
55404
55418
55430
55433
55493
55534
55554
55663
55664
55676
55741
55743
55760
55830
55835
55837
55842
55850
55851
55880
55881
55897
55907
55946
55971
56009
56040
56061
56100
56101
56102
56103
56115
56120
56145
56160
56169
56173
56204
56222
56235
56239
56244
56277
56287
56289
56333
56343
56359
56368
56379
56381
56383
56384
56395
56402
56403
56410
56413
56419
56420
56424
56437
48007C
48368C
48761C
49270A
49548C
50029A
50029C
50123B
50573A
52512R
54874A
54874B
44667CN
48926-B
49323-B
50703CN
50792CN
50939CN
51004CN
51033CN
51142CN
51581CN
51606CN
51757CN
52070CN
52560CN
53419CN
53680CN
53710CN
53852CN
54889-B
55050CN
CN48950
CN53232
WP48544
WP52296
WP52784
WP53230
WP53485
WP53575
WP53614
WP53721
WP54075
WP54333
WP55309
WP55751
WP56254
WP56367
ReShip53232
