48119
48133
48148
48163
48172
48180
48218
48221
48268
48292
48302
48328
48370
48387
48401
48426
48437
48446
48465
48470
48486
48501
48507
48523
48538
48550
48580
48593
48614
48617
48622
48637
48656
48668
48687
48696
48721
48737
48754
48765
48775
48784
48800
48807
48814
48834
48842
48859
48872
48893
48901
48949
48951
48973
48987
48998
49047
49076
49085
49102
49147
49158
49164
49193
49242
49258
49281
49298
49312
49375
49390
49413
49421
49450
49468
49481
49501
49520
49559
49560
49580
49581
49584
49623
49644
49648
49652
49667
49697
49701
49702
49733
49762
49793
49794
49841
49853
49854
49903
49918
49931
49945
49947
50003
50021
50033
50043
50047
50088
50103
50126
50135
50172
50183
50207
50209
50225
50265
50272
50285
50293
50305
50312
50339
50354
50365
50387
50392
50426
50437
50449
50469
50487
50489
50506
50528
50530
50531
50557
50594
50613
50632
50654
50689
50705
50734
50767
50803
50803
50816
50849
50851
50866
50886
50894
50930
50956
50978
51006
51010
51038
51046
51084
51105
51138
51149
51184
51191
51211
51217
51228
51234
51268
51301
51316
51319
51334
51360
51361
51372
51378
51381
51382
51394
51410
51430
51444
51467
51470
51490
51525
51526
51546
51558
51559
51565
51575
51614
51616
51628
51651
51669
51721
51732
51762
51797
51814
51826
51850
51891
51908
51921
51972
52011
52041
52044
52054
52068
52094
52125
52150
52169
52229
52251
52268
52293
52334
52354
52370
52380
52418
52433
52434
52436
52464
52498
52515
52532
52553
52586
52592
52623
52668
52672
52679
52689
52695
52724
52768
52785
52828
52834
52872
52892
52905
52940
52953
52979
52998
53025
53026
53050
53067
53082
53122
53124
53156
53170
53200
53216
53233
53247
53270
53271
53283
53304
53311
53318
53323
53363
53400
53415
53434
53442
53462
53463
53468
53502
53511
53554
53577
53595
53612
53616
53645
53653
53682
53702
53714
53758
53774
53784
53804
53830
53831
53859
53867
53884
53920
53938
53962
53971
53992
54045
54089
54105
54106
54127
54143
54180
54202
54218
54265
54291
54310
54334
54346
54370
54389
54402
54442
54474
54491
54507
54512
54544
54559
54584
54596
54622
54630
54645
54663
54674
54722
54724
54744
54768
54799
54808
54813
54839
54852
54895
54916
54927
54956
54974
54989
55014
55045
55055
55076
55086
55118
55154
55166
55195
55241
55258
55259
55281
55291
55303
55322
55323
55327
55368
55376
55417
55441
55473
55490
55501
55533
55551
55559
55595
55623
55649
55660
55682
55684
55685
55696
55736
55758
55774
55788
55792
55801
55834
55835
55852
55855
55901
55933
55947
55974
56001
56024
56067
56077
56113
56136
56159
56166
56184
56229
56246
56261
56298
56301
56315
56329
56334
56371
56385
56408
56409