43961
44011
44776
45007
45121
45646
45489
45645B
45924
45798
46137
46342
46475
46696
46984
47107
47426
47410
47348
47548
47630
47409
47439
47672
47790
47871
47907
47929
47987
48027
46027
47726
43941
43937
44000
44065
44113
44141
44159
44191
44250
44253
44276
42813
44336
44357
44358
44491
44461
44466
44552
44552
44600
44666
44802
44764
44818
44798
44815
44827
44774
44859
44787
44766
44986
44989
44980
44928
45059
45077
45141
45167
45194
45251
45236
45289
45391
45446
45529
45533
45586
45618
45569
44907
45633
45745
45747
45763
45784
45807
45826
45851
45870
45889
45947
46049
46122
46118
46119
46223
46284
46279
46345
46487
46567
46569
46579
46608
46578
46558
46709
46759
46767
46785
46791
46824
46839
46864
46762
46877
46890
46917
46932
46994
46912
47029
47023
47054
46019
47249
47303
47312
47433
47565
47618
47643
A47096
47901
47931
47941
47991
48043
20169
20170
20171
20172
20173
20174
20175
20176
20177
20178
20179
20180
20181
20182
20183
20184
20185
20186
20187
20188
20189
20190
20191
20192
20193
20194
20195
20196
20197
20198
20199
20200
20201
20202
20203
20204
20205
20206
20207
20208
20209
20210
20211
20212
20213
20214
20215
20225
20226
20227
20228
20229
20230
20231
20232
20233
20234
20235
20236
20237
20238
20239
20240
20241
20243
20244
20245
20246
20247
20248
20249
20250
20251
20252
20253
20254
20255
20256
20257
20258
20259
20260
20261
20262
20263
20264
20265
20266
20267
20268
20269
20270
20271
20272
20273
20274
20275
20276
20277
20278
20279
20280
20281
20282
20283
20284
20285
20286
20287
20288
20289
20290
20291
20292
20293
20294
20295
20296
20297
20298
20299
20300
20301
20303
20304
20305
20306
20307
20308
20309
20310
20311
20312
20313
20315
20316
20317
20314
20319
20325
20326
20327
20328
20329
20330
20331
20332
20333
20334
20335
20336
20337
20338
20339
20340
20342
20343
20344
20345
20346
20347
20348
20349
20350
20351
20352
20353
20354
20355
20356
20357
20358
20359
20360
20361
20362
20363
20364
20365
20366
20367
20368
20369
20370
20371
20372
20373
20374
20375
20376
20377
20378
20379
20380
20381
20382
20383
20384
20385
20386
20387
20388
20389
20390
20391
20392
20393
20394
20395
20396
20397
20398
20399
20400
20401
20402
20403
20404
20405
20406
20407
20408
20409
20410
20411
20412
20413
20414
20415
20416
20417
20418
20425
20426
20427
20428
20429
20430
20431
20432
20433
20434
20435
20436
20437
20438
20439
20441
20440
20442
20443
WP52296
WP55309
WP55751
WP56254
48119
48133
48148
48163
48172
48180
48218
48221
48268
48292
48302
48328
48370
48387
48401
48426
48437
48446
48465
48470
48486
48501
48507
48523
48538
48550
48580
48593
48614
48617
48622
48637
48656
48668
48687
48696
48721
48737
48754
48765
48775
48784
48800
48807
48814
48834
48842
48859
48872
48893
48901
48949
48951
48973
48987
48998
49047
49076
49085
49102
49147
49158
49164
49193
49242
49258
49281
49298
49312
49375
49390
49413
49421
49450
49468
49481
49501
49520
49559
49560
49580
49581
49584
49623
49644
49648
49652
49667
49697
49701
49702
49733
49762
49793
49794
49841
49853
49854
49903
49918
49931
49945
49947
50003
50021
50033
50043
50047
50088
50103
50126
50135
50172
50183
50207
50209
50225
50265
50272
50285
50293
50305
50312
50339
50354
50365
50387
50392
50426
50437
50449
50469
50487
50489
50506
50528
50530
50531
50557
50594
50613
50632
50654
50689
50705
50734
50767
50803
50803
50816
50849
50851
50866
50886
50894
50930
50956
50978
51006
51010
51038
51046
51084
51105
51138
51149
51184
51191
51211
51217
51228
51234
51268
51301
51316
51319
51334
51360
51361
51372
51378
51381
51382
51394
51410
51430
51444
51467
51470
51490
51525
51526
51546
51558
51559
51565
51575
51614
51616
51628
51651
51669
51721
51732
51762
51797
51814
51826
51850
51891
51908
51921
51972
52011
52041
52044
52054
52068
52094
52125
52150
52169
52229
52251
52268
52293
52334
52354
52370
52380
52418
52433
52434
52436
52464
52498
52515
52532
52553
52586
52592
52623
52668
52672
52679
52689
52695
52724
52768
52785
52828
52834
52872
52892
52905
52940
52951
52953
52979
52998
53025
53026
53050
53067
53082
53122
53124
53156
53170
53200
53216
53233
53247
53270
53271
53283
53304
53311
53318
53323
53363
53400
53415
53434
53442
53462
53463
53468
53502
53511
53554
53577
53595
53612
53616
53645
53653
53682
53702
53714
53758
53774
53784
53804
53830
53831
53859
53867
53884
53920
53938
53962
53971
53992
54045
54089
54105
54106
54127
54143
54180
54202
54218
54265
54291
54310
54334
54346
54370
54389
54402
54442
54474
54491
54507
54512
54544
54559
54584
54596
54622
54630
54645
54663
54674
54722
54724
54744
54768
54799
54808
54813
54839
54852
54895
54916
54927
54956
54974
54989
55014
55045
55055
55076
55086
55118
55154
55166
55195
55241
55258
55259
55281
55291
55303
55322
55323
55327
55368
55376
55417
55441
55473
55490
55501
55533
55551
55559
55595
55623
55649
55660
55682
55684
55685
55696
55736
55758
55774
55788
55792
55801
55834
55835
55852
55855
55901
55933
55947
55974
56001
56024
56067
56077
56113
56136
56159
56166
56184
56229
56246
56261
56298
56301
56315
56329
56334
56371
56385
56408
56409
56113
56136
56159
56166
56184
56229
56246
56261
56298
56301
56315
56329
56334
56371
56385
56408
56409